WMO_box lon_min lon_max lat_min lat_max
1800 0 10 80 90
1700 0 10 70 80
1600 0 10 60 70
1500 0 10 50 60
1400 0 10 40 50
1300 0 10 30 40
1200 0 10 20 30
1100 0 10 10 20
1000 0 10 0 10
3000 0 10 -10 0
3100 0 10 -20 -10
3200 0 10 -30 -20
3300 0 10 -40 -30
3400 0 10 -50 -40
3500 0 10 -60 -50
3600 0 10 -70 -60
3700 0 10 -80 -70
3800 0 10 -90 -80
1801 10 20 80 90
1701 10 20 70 80
1601 10 20 60 70
1501 10 20 50 60
1401 10 20 40 50
1301 10 20 30 40
1201 10 20 20 30
1101 10 20 10 20
1001 10 20 0 10
3001 10 20 -10 0
3101 10 20 -20 -10
3201 10 20 -30 -20
3301 10 20 -40 -30
3401 10 20 -50 -40
3501 10 20 -60 -50
3601 10 20 -70 -60
3701 10 20 -80 -70
3801 10 20 -90 -80
1802 20 30 80 90
1702 20 30 70 80
1602 20 30 60 70
1502 20 30 50 60
1402 20 30 40 50
1302 20 30 30 40
1202 20 30 20 30
1102 20 30 10 20
1002 20 30 0 10
3002 20 30 -10 0
3102 20 30 -20 -10
3202 20 30 -30 -20
3302 20 30 -40 -30
3402 20 30 -50 -40
3502 20 30 -60 -50
3602 20 30 -70 -60
3702 20 30 -80 -70
3802 20 30 -90 -80
1803 30 40 80 90
1703 30 40 70 80
1603 30 40 60 70
1503 30 40 50 60
1403 30 40 40 50
1303 30 40 30 40
1203 30 40 20 30
1103 30 40 10 20
1003 30 40 0 10
3003 30 40 -10 0
3103 30 40 -20 -10
3203 30 40 -30 -20
3303 30 40 -40 -30
3403 30 40 -50 -40
3503 30 40 -60 -50
3603 30 40 -70 -60
3703 30 40 -80 -70
3803 30 40 -90 -80
1804 40 50 80 90
1704 40 50 70 80
1604 40 50 60 70
1504 40 50 50 60
1404 40 50 40 50
1304 40 50 30 40
1204 40 50 20 30
1104 40 50 10 20
1004 40 50 0 10
3004 40 50 -10 0
3104 40 50 -20 -10
3204 40 50 -30 -20
3304 40 50 -40 -30
3404 40 50 -50 -40
3504 40 50 -60 -50
3604 40 50 -70 -60
3704 40 50 -80 -70
3804 40 50 -90 -80
1805 50 60 80 90
1705 50 60 70 80
1605 50 60 60 70
1505 50 60 50 60
1405 50 60 40 50
1305 50 60 30 40
1205 50 60 20 30
1105 50 60 10 20
1005 50 60 0 10
3005 50 60 -10 0
3105 50 60 -20 -10
3205 50 60 -30 -20
3305 50 60 -40 -30
3405 50 60 -50 -40
3505 50 60 -60 -50
3605 50 60 -70 -60
3705 50 60 -80 -70
3805 50 60 -90 -80
1806 60 70 80 90
1706 60 70 70 80
1606 60 70 60 70
1506 60 70 50 60
1406 60 70 40 50
1306 60 70 30 40
1206 60 70 20 30
1106 60 70 10 20
1006 60 70 0 10
3006 60 70 -10 0
3106 60 70 -20 -10
3206 60 70 -30 -20
3306 60 70 -40 -30
3406 60 70 -50 -40
3506 60 70 -60 -50
3606 60 70 -70 -60
3706 60 70 -80 -70
3806 60 70 -90 -80
1807 70 80 80 90
1707 70 80 70 80
1607 70 80 60 70
1507 70 80 50 60
1407 70 80 40 50
1307 70 80 30 40
1207 70 80 20 30
1107 70 80 10 20
1007 70 80 0 10
3007 70 80 -10 0
3107 70 80 -20 -10
3207 70 80 -30 -20
3307 70 80 -40 -30
3407 70 80 -50 -40
3507 70 80 -60 -50
3607 70 80 -70 -60
3707 70 80 -80 -70
3807 70 80 -90 -80
1808 80 90 80 90
1708 80 90 70 80
1608 80 90 60 70
1508 80 90 50 60
1408 80 90 40 50
1308 80 90 30 40
1208 80 90 20 30
1108 80 90 10 20
1008 80 90 0 10
3008 80 90 -10 0
3108 80 90 -20 -10
3208 80 90 -30 -20
3308 80 90 -40 -30
3408 80 90 -50 -40
3508 80 90 -60 -50
3608 80 90 -70 -60
3708 80 90 -80 -70
3808 80 90 -90 -80
1809 90 100 80 90
1709 90 100 70 80
1609 90 100 60 70
1509 90 100 50 60
1409 90 100 40 50
1309 90 100 30 40
1209 90 100 20 30
1109 90 100 10 20
1009 90 100 0 10
3009 90 100 -10 0
3109 90 100 -20 -10
3209 90 100 -30 -20
3309 90 100 -40 -30
3409 90 100 -50 -40
3509 90 100 -60 -50
3609 90 100 -70 -60
3709 90 100 -80 -70
3809 90 100 -90 -80
1810 100 110 80 90
1710 100 110 70 80
1610 100 110 60 70
1510 100 110 50 60
1410 100 110 40 50
1310 100 110 30 40
1210 100 110 20 30
1110 100 110 10 20
1010 100 110 0 10
3010 100 110 -10 0
3110 100 110 -20 -10
3210 100 110 -30 -20
3310 100 110 -40 -30
3410 100 110 -50 -40
3510 100 110 -60 -50
3610 100 110 -70 -60
3710 100 110 -80 -70
3810 100 110 -90 -80
1811 110 120 80 90
1711 110 120 70 80
1611 110 120 60 70
1511 110 120 50 60
1411 110 120 40 50
1311 110 120 30 40
1211 110 120 20 30
1111 110 120 10 20
1011 110 120 0 10
3011 110 120 -10 0
3111 110 120 -20 -10
3211 110 120 -30 -20
3311 110 120 -40 -30
3411 110 120 -50 -40
3511 110 120 -60 -50
3611 110 120 -70 -60
3711 110 120 -80 -70
3811 110 120 -90 -80
1812 120 130 80 90
1712 120 130 70 80
1612 120 130 60 70
1512 120 130 50 60
1412 120 130 40 50
1312 120 130 30 40
1212 120 130 20 30
1112 120 130 10 20
1012 120 130 0 10
3012 120 130 -10 0
3112 120 130 -20 -10
3212 120 130 -30 -20
3312 120 130 -40 -30
3412 120 130 -50 -40
3512 120 130 -60 -50
3612 120 130 -70 -60
3712 120 130 -80 -70
3812 120 130 -90 -80
1813 130 140 80 90
1713 130 140 70 80
1613 130 140 60 70
1513 130 140 50 60
1413 130 140 40 50
1313 130 140 30 40
1213 130 140 20 30
1113 130 140 10 20
1013 130 140 0 10
3013 130 140 -10 0
3113 130 140 -20 -10
3213 130 140 -30 -20
3313 130 140 -40 -30
3413 130 140 -50 -40
3513 130 140 -60 -50
3613 130 140 -70 -60
3713 130 140 -80 -70
3813 130 140 -90 -80
1814 140 150 80 90
1714 140 150 70 80
1614 140 150 60 70
1514 140 150 50 60
1414 140 150 40 50
1314 140 150 30 40
1214 140 150 20 30
1114 140 150 10 20
1014 140 150 0 10
3014 140 150 -10 0
3114 140 150 -20 -10
3214 140 150 -30 -20
3314 140 150 -40 -30
3414 140 150 -50 -40
3514 140 150 -60 -50
3614 140 150 -70 -60
3714 140 150 -80 -70
3814 140 150 -90 -80
1815 150 160 80 90
1715 150 160 70 80
1615 150 160 60 70
1515 150 160 50 60
1415 150 160 40 50
1315 150 160 30 40
1215 150 160 20 30
1115 150 160 10 20
1015 150 160 0 10
3015 150 160 -10 0
3115 150 160 -20 -10
3215 150 160 -30 -20
3315 150 160 -40 -30
3415 150 160 -50 -40
3515 150 160 -60 -50
3615 150 160 -70 -60
3715 150 160 -80 -70
3815 150 160 -90 -80
1816 160 170 80 90
1716 160 170 70 80
1616 160 170 60 70
1516 160 170 50 60
1416 160 170 40 50
1316 160 170 30 40
1216 160 170 20 30
1116 160 170 10 20
1016 160 170 0 10
3016 160 170 -10 0
3116 160 170 -20 -10
3216 160 170 -30 -20
3316 160 170 -40 -30
3416 160 170 -50 -40
3516 160 170 -60 -50
3616 160 170 -70 -60
3716 160 170 -80 -70
3816 160 170 -90 -80
1817 170 180 80 90
1717 170 180 70 80
1617 170 180 60 70
1517 170 180 50 60
1417 170 180 40 50
1317 170 180 30 40
1217 170 180 20 30
1117 170 180 10 20
1017 170 180 0 10
3017 170 180 -10 0
3117 170 180 -20 -10
3217 170 180 -30 -20
3317 170 180 -40 -30
3417 170 180 -50 -40
3517 170 180 -60 -50
3617 170 180 -70 -60
3717 170 180 -80 -70
3817 170 180 -90 -80
7817 -180 -170 80 90
7717 -180 -170 70 80
7617 -180 -170 60 70
7517 -180 -170 50 60
7417 -180 -170 40 50
7317 -180 -170 30 40
7217 -180 -170 20 30
7117 -180 -170 10 20
7017 -180 -170 0 10
5017 -180 -170 -10 0
5117 -180 -170 -20 -10
5217 -180 -170 -30 -20
5317 -180 -170 -40 -30
5417 -180 -170 -50 -40
5517 -180 -170 -60 -50
5617 -180 -170 -70 -60
5717 -180 -170 -80 -70
5817 -180 -170 -90 -80
7816 -170 -160 80 90
7716 -170 -160 70 80
7616 -170 -160 60 70
7516 -170 -160 50 60
7416 -170 -160 40 50
7316 -170 -160 30 40
7216 -170 -160 20 30
7116 -170 -160 10 20
7016 -170 -160 0 10
5016 -170 -160 -10 0
5116 -170 -160 -20 -10
5216 -170 -160 -30 -20
5316 -170 -160 -40 -30
5416 -170 -160 -50 -40
5516 -170 -160 -60 -50
5616 -170 -160 -70 -60
5716 -170 -160 -80 -70
5816 -170 -160 -90 -80
7815 -160 -150 80 90
7715 -160 -150 70 80
7615 -160 -150 60 70
7515 -160 -150 50 60
7415 -160 -150 40 50
7315 -160 -150 30 40
7215 -160 -150 20 30
7115 -160 -150 10 20
7015 -160 -150 0 10
5015 -160 -150 -10 0
5115 -160 -150 -20 -10
5215 -160 -150 -30 -20
5315 -160 -150 -40 -30
5415 -160 -150 -50 -40
5515 -160 -150 -60 -50
5615 -160 -150 -70 -60
5715 -160 -150 -80 -70
5815 -160 -150 -90 -80
7814 -150 -140 80 90
7714 -150 -140 70 80
7614 -150 -140 60 70
7514 -150 -140 50 60
7414 -150 -140 40 50
7314 -150 -140 30 40
7214 -150 -140 20 30
7114 -150 -140 10 20
7014 -150 -140 0 10
5014 -150 -140 -10 0
5114 -150 -140 -20 -10
5214 -150 -140 -30 -20
5314 -150 -140 -40 -30
5414 -150 -140 -50 -40
5514 -150 -140 -60 -50
5614 -150 -140 -70 -60
5714 -150 -140 -80 -70
5814 -150 -140 -90 -80
7813 -140 -130 80 90
7713 -140 -130 70 80
7613 -140 -130 60 70
7513 -140 -130 50 60
7413 -140 -130 40 50
7313 -140 -130 30 40
7213 -140 -130 20 30
7113 -140 -130 10 20
7013 -140 -130 0 10
5013 -140 -130 -10 0
5113 -140 -130 -20 -10
5213 -140 -130 -30 -20
5313 -140 -130 -40 -30
5413 -140 -130 -50 -40
5513 -140 -130 -60 -50
5613 -140 -130 -70 -60
5713 -140 -130 -80 -70
5813 -140 -130 -90 -80
7812 -130 -120 80 90
7712 -130 -120 70 80
7612 -130 -120 60 70
7512 -130 -120 50 60
7412 -130 -120 40 50
7312 -130 -120 30 40
7212 -130 -120 20 30
7112 -130 -120 10 20
7012 -130 -120 0 10
5012 -130 -120 -10 0
5112 -130 -120 -20 -10
5212 -130 -120 -30 -20
5312 -130 -120 -40 -30
5412 -130 -120 -50 -40
5512 -130 -120 -60 -50
5612 -130 -120 -70 -60
5712 -130 -120 -80 -70
5812 -130 -120 -90 -80
7811 -120 -110 80 90
7711 -120 -110 70 80
7611 -120 -110 60 70
7511 -120 -110 50 60
7411 -120 -110 40 50
7311 -120 -110 30 40
7211 -120 -110 20 30
7111 -120 -110 10 20
7011 -120 -110 0 10
5011 -120 -110 -10 0
5111 -120 -110 -20 -10
5211 -120 -110 -30 -20
5311 -120 -110 -40 -30
5411 -120 -110 -50 -40
5511 -120 -110 -60 -50
5611 -120 -110 -70 -60
5711 -120 -110 -80 -70
5811 -120 -110 -90 -80
7810 -110 -100 80 90
7710 -110 -100 70 80
7610 -110 -100 60 70
7510 -110 -100 50 60
7410 -110 -100 40 50
7310 -110 -100 30 40
7210 -110 -100 20 30
7110 -110 -100 10 20
7010 -110 -100 0 10
5010 -110 -100 -10 0
5110 -110 -100 -20 -10
5210 -110 -100 -30 -20
5310 -110 -100 -40 -30
5410 -110 -100 -50 -40
5510 -110 -100 -60 -50
5610 -110 -100 -70 -60
5710 -110 -100 -80 -70
5810 -110 -100 -90 -80
7809 -100 -90 80 90
7709 -100 -90 70 80
7609 -100 -90 60 70
7509 -100 -90 50 60
7409 -100 -90 40 50
7309 -100 -90 30 40
7209 -100 -90 20 30
7109 -100 -90 10 20
7009 -100 -90 0 10
5009 -100 -90 -10 0
5109 -100 -90 -20 -10
5209 -100 -90 -30 -20
5309 -100 -90 -40 -30
5409 -100 -90 -50 -40
5509 -100 -90 -60 -50
5609 -100 -90 -70 -60
5709 -100 -90 -80 -70
5809 -100 -90 -90 -80
7808 -90 -80 80 90
7708 -90 -80 70 80
7608 -90 -80 60 70
7508 -90 -80 50 60
7408 -90 -80 40 50
7308 -90 -80 30 40
7208 -90 -80 20 30
7108 -90 -80 10 20
7008 -90 -80 0 10
5008 -90 -80 -10 0
5108 -90 -80 -20 -10
5208 -90 -80 -30 -20
5308 -90 -80 -40 -30
5408 -90 -80 -50 -40
5508 -90 -80 -60 -50
5608 -90 -80 -70 -60
5708 -90 -80 -80 -70
5808 -90 -80 -90 -80
7807 -80 -70 80 90
7707 -80 -70 70 80
7607 -80 -70 60 70
7507 -80 -70 50 60
7407 -80 -70 40 50
7307 -80 -70 30 40
7207 -80 -70 20 30
7107 -80 -70 10 20
7007 -80 -70 0 10
5007 -80 -70 -10 0
5107 -80 -70 -20 -10
5207 -80 -70 -30 -20
5307 -80 -70 -40 -30
5407 -80 -70 -50 -40
5507 -80 -70 -60 -50
5607 -80 -70 -70 -60
5707 -80 -70 -80 -70
5807 -80 -70 -90 -80
7806 -70 -60 80 90
7706 -70 -60 70 80
7606 -70 -60 60 70
7506 -70 -60 50 60
7406 -70 -60 40 50
7306 -70 -60 30 40
7206 -70 -60 20 30
7106 -70 -60 10 20
7006 -70 -60 0 10
5006 -70 -60 -10 0
5106 -70 -60 -20 -10
5206 -70 -60 -30 -20
5306 -70 -60 -40 -30
5406 -70 -60 -50 -40
5506 -70 -60 -60 -50
5606 -70 -60 -70 -60
5706 -70 -60 -80 -70
5806 -70 -60 -90 -80
7805 -60 -50 80 90
7705 -60 -50 70 80
7605 -60 -50 60 70
7505 -60 -50 50 60
7405 -60 -50 40 50
7305 -60 -50 30 40
7205 -60 -50 20 30
7105 -60 -50 10 20
7005 -60 -50 0 10
5005 -60 -50 -10 0
5105 -60 -50 -20 -10
5205 -60 -50 -30 -20
5305 -60 -50 -40 -30
5405 -60 -50 -50 -40
5505 -60 -50 -60 -50
5605 -60 -50 -70 -60
5705 -60 -50 -80 -70
5805 -60 -50 -90 -80
7804 -50 -40 80 90
7704 -50 -40 70 80
7604 -50 -40 60 70
7504 -50 -40 50 60
7404 -50 -40 40 50
7304 -50 -40 30 40
7204 -50 -40 20 30
7104 -50 -40 10 20
7004 -50 -40 0 10
5004 -50 -40 -10 0
5104 -50 -40 -20 -10
5204 -50 -40 -30 -20
5304 -50 -40 -40 -30
5404 -50 -40 -50 -40
5504 -50 -40 -60 -50
5604 -50 -40 -70 -60
5704 -50 -40 -80 -70
5804 -50 -40 -90 -80
7803 -40 -30 80 90
7703 -40 -30 70 80
7603 -40 -30 60 70
7503 -40 -30 50 60
7403 -40 -30 40 50
7303 -40 -30 30 40
7203 -40 -30 20 30
7103 -40 -30 10 20
7003 -40 -30 0 10
5003 -40 -30 -10 0
5103 -40 -30 -20 -10
5203 -40 -30 -30 -20
5303 -40 -30 -40 -30
5403 -40 -30 -50 -40
5503 -40 -30 -60 -50
5603 -40 -30 -70 -60
5703 -40 -30 -80 -70
5803 -40 -30 -90 -80
7802 -30 -20 80 90
7702 -30 -20 70 80
7602 -30 -20 60 70
7502 -30 -20 50 60
7402 -30 -20 40 50
7302 -30 -20 30 40
7202 -30 -20 20 30
7102 -30 -20 10 20
7002 -30 -20 0 10
5002 -30 -20 -10 0
5102 -30 -20 -20 -10
5202 -30 -20 -30 -20
5302 -30 -20 -40 -30
5402 -30 -20 -50 -40
5502 -30 -20 -60 -50
5602 -30 -20 -70 -60
5702 -30 -20 -80 -70
5802 -30 -20 -90 -80
7801 -20 -10 80 90
7701 -20 -10 70 80
7601 -20 -10 60 70
7501 -20 -10 50 60
7401 -20 -10 40 50
7301 -20 -10 30 40
7201 -20 -10 20 30
7101 -20 -10 10 20
7001 -20 -10 0 10
5001 -20 -10 -10 0
5101 -20 -10 -20 -10
5201 -20 -10 -30 -20
5301 -20 -10 -40 -30
5401 -20 -10 -50 -40
5501 -20 -10 -60 -50
5601 -20 -10 -70 -60
5701 -20 -10 -80 -70
5801 -20 -10 -90 -80
7800 -10 0 80 90
7700 -10 0 70 80
7600 -10 0 60 70
7500 -10 0 50 60
7400 -10 0 40 50
7300 -10 0 30 40
7200 -10 0 20 30
7100 -10 0 10 20
7000 -10 0 0 10
5000 -10 0 -10 0
5100 -10 0 -20 -10
5200 -10 0 -30 -20
5300 -10 0 -40 -30
5400 -10 0 -50 -40
5500 -10 0 -60 -50
5600 -10 0 -70 -60
5700 -10 0 -80 -70
5800 -10 0 -90 -80